KV:	34.0	2.0	500.0
LR:	209.80000000000038	323.2999999999996	324.1999999999996
PM:	361.5000000000004	15928.700000000019	172.50000000000003
ED:	367.71621611495027	10334.54084921595	166.28378388504984
